t[0] =     0.000033 s
t[1] =     0.000367 s
t[2] =     0.000131 s
t[3] =     0.000055 s
t[4] =     0.001004 s
t[5] =     0.000562 s
t[6] =     0.000148 s
t[7] =     0.000162 s
